Name	Age	G	GS	CG	Inn	Ch	PO	A	E	DP	Fld%	Rtot	Rtot/yr	RF/9	RF/G	PB	WP	SB	CS	CS%	lgCS%	PICK	Pos Summary
Rich Amaral	31	102	91	73	817.2	460	180	270	10	71	.978	14	21	4.95	3.69								2B-3B-SS-1B-DH
Bob Ayrault	27	14	0	0	19.2	2	0	2	0	0	1.000			0.92	0.14		0	0	0			0	P
Wally Backman	33	10	8	5	66.0	22	4	15	3	0	.864	1	20	2.59	1.90								3B-2B
Mike Blowers	28	121	104	86	942.2	310	70	225	15	14	.952	6	8	2.82	2.38	0	0	0	0			0	3B-LF-RF-C-1B-DH
Bret Boone	24	74	69	67	622.1	320	140	177	3	55	.991	-3	-7	4.58	4.23								2B-DH
Chris Bosio	30	29	24	3	164.1	35	13	21	1	2	.971			1.86	1.13		5	8	6	43%	36%	0	P-DH
Jay Buhner	28	148	146	135	1287.1	281	266	9	6	2	.979	-12	-11	1.92	1.74								RF-DH
Norm Charlton	30	34	0	0	34.2	2	0	2	0	1	1.000			0.52	0.06		6	3	0	0%	36%	0	P
Jim Converse	21	4	4	0	20.1	8	2	6	0	0	1.000			3.54	2.00		0	2	2	50%	36%	0	P
Henry Cotto	32	34	22	15	203.1	60	59	0	1	0	.983	2	13	2.61	1.23								LF-CF-RF-DH
John Cummings	24	10	8	1	46.1	11	3	6	2	0	.818			1.75	0.90		1	2	4	67%	36%	0	P
Rich DeLucia	28	30	1	0	42.2	9	2	7	0	0	1.000			1.90	0.30		4	2	2	50%	36%	0	P
Mike Felder	31	96	74	69	708.1	157	143	12	2	1	.987	3	5	1.97	1.49								LF-CF-3B-DH
Dave Fleming	23	26	26	1	167.1	37	9	28	0	1	1.000			1.99	1.42		2	8	12	60%	36%	1	P
Ken Griffey Jr.	23	140	137	128	1209.1	325	314	8	3	3	.991	8	8	2.40	2.03								CF-1B-DH
Mike Hampton	20	13	3	0	17.0	3	0	2	1	0	.667			1.06	0.15		1	4	0	0%	36%	0	P
Erik Hanson	28	31	30	7	215.0	53	25	25	3	3	.943			2.09	1.56		8	15	13	46%	36%	1	P-DH
Bill Haselman	27	50	29	26	309.1	255	236	17	2	2	.992	-5	-19	7.36	4.60	5	12	35	10	22%	36%	1	C-RF-DH
Dwayne Henry	31	31	1	0	54.0	2	1	1	0	0	1.000			0.33	0.06		7	3	2	40%	36%	0	P
Brad Holman	25	19	0	0	36.1	4	1	3	0	0	1.000			0.99	0.21		2	1	0	0%	36%	0	P
Chris Howard	27	4	0	0	5.0	5	5	0	0	0	1.000	0	0	9.00	1.25	0	0	2	0	0%	36%	0	C
Dann Howitt	29	29	16	11	163.0	43	42	1	0	0	1.000	2	16	2.37	1.19								LF-RF-CF-DH
Randy Johnson	29	36	34	10	256.1	39	10	29	0	2	1.000	0	0	1.37	1.08		8	28	12	30%	36%	2	P-LF
Kevin King	24	13	0	0	11.2	2	0	1	1	0	.500			0.77	0.08		0	1	0	0%	36%	0	P
Tim Leary	34	33	27	0	169.1	42	14	28	0	3	1.000			2.23	1.27		6	10	9	47%	36%	0	P
Greg Litton	28	56	40	18	375.2	187	135	52	0	28	1.000	3	9	4.48	2.46								LF-1B-2B-3B-SS-RF-DH
Dave Magadan	30	66	60	50	530.2	402	325	72	5	38	.988	-2	-4	6.73	5.67								1B-3B-DH
Edgar Martinez	30	16	16	7	119.0	18	5	11	2	1	.889	-2	-23	1.21	0.40								3B-DH
Tino Martinez	25	105	105	101	926.2	995	932	60	3	89	.997	12	15	9.63	9.27								1B-DH
Jeff Nelson	26	71	0	0	60.1	15	3	12	0	2	1.000	0	0	2.24	0.21		2	10	1	9%	36%	0	P-LF
Marc Newfield	20	5	2	2	21.0	0	0	0	0	0		0	-23	0.00	0.00								LF-DH
Pete O'Brien	35	8	5	5	58.1	86	77	8	1	10	.988	3	51	13.11	1.33								1B-LF-DH
Steve Ontiveros	32	14	0	0	18.0	3	0	2	1	2	.667			1.00	0.14		1	1	0	0%	36%	0	P
Greg Pirkl	22	5	5	4	44.0	47	42	5	0	8	1.000	-1	-22	9.61	6.71								1B-DH
Erik Plantenberg	24	20	0	0	9.2	4	3	1	0	1	1.000			3.72	0.20		1	0	0			0	P
Dennis Powell	29	33	2	0	47.2	8	3	5	0	0	1.000			1.51	0.24		2	4	3	43%	36%	0	P
Ted Power	38	25	0	0	25.1	4	0	4	0	0	1.000			1.42	0.16		1	0	1	100%	36%	0	P
Roger Salkeld	22	3	2	0	14.1	2	0	2	0	0	1.000			1.26	0.67		0	0	0			0	P
Mackey Sasser	30	43	33	15	279.0	67	60	4	3	0	.955	-4	-18	2.06	1.05	0	0	0	1	100%	36%	0	LF-RF-C-1B-DH
Larry Sheets	33	1	1	0	5.0	1	1	0	0	0	1.000	0	0	1.80	0.17								RF-DH
Zak Shinall	24	1	0	0	2.2	1	1	0	0	0	1.000			3.38	1.00		0	0	0			0	P
Russ Swan	29	23	0	0	19.2	6	0	6	0	0	1.000			2.75	0.26		0	1	1	50%	36%	0	P
Lee Tinsley	24	6	2	1	27.0	10	9	0	1	0	.900	0	-9	3.00	1.00								LF-RF-CF-DH
Brian Turang	26	38	36	26	317.2	74	72	1	1	0	.986	-1	-5	2.07	1.62								LF-CF-2B-3B-RF-DH
Dave Valle	32	135	133	106	1132.1	957	881	71	5	13	.995	7	7	7.57	7.05	8	45	68	57	46%	36%	2	C
Fernando Vina	24	18	12	9	126.2	68	28	40	0	12	1.000	2	15	4.83	3.09								2B-SS-DH
Omar Vizquel	26	155	150	140	1330.2	735	245	475	15	108	.980	16	14	4.87	4.59								SS-DH
Dave Wainhouse	25	3	0	0	2.1	0	0	0	0	0				0.00	0.00		0	2	0	0%	36%	0	P
